# Made in Blockbench 4.5.2
mtllib Bandana0.5.mtl

o cube
v 0.1670973112611016 -0.009784069293721331 0.21918385377617655
v 0.06852478663386719 0.15641157117272808 0.07683756306735634
v 0.1620877545563688 -0.06993460740069368 0.15242445663192616
v 0.06351522992913439 0.09626103306575573 0.010078165923106064
v 0.05032355816237666 0.15097865403931432 0.08309844907095543
v 0.14889608278961108 -0.015216986427134982 0.22544473977977564
v 0.04531400145764386 0.09082811593234208 0.01633905192670515
v 0.14388652608487829 -0.07536752453410733 0.15868534263552525
vt 0 1
vt 0.0625 1
vt 0.0625 0.8125
vt 0 0.8125
vt 0 1
vt 0.75 1
vt 0.75 0.8125
vt 0 0.8125
vt 0 1
vt 0.0625 1
vt 0.0625 0.8125
vt 0 0.8125
vt 0 1
vt 0.75 1
vt 0.75 0.8125
vt 0 0.8125
vt 0 1
vt 0.0625 1
vt 0.0625 0.25
vt 0 0.25
vt 0 1
vt 0.0625 1
vt 0.0625 0.25
vt 0 0.25
vn -0.41071885261347724 0.6924818352768723 -0.593109544620084
vn 0.9100614235745269 0.271645856670682 -0.3130443001799538
vn 0.41071885261347724 -0.6924818352768723 0.593109544620084
vn -0.9100614235745269 -0.271645856670682 0.3130443001799538
vn 0.05566174116369774 0.6683393122996927 0.7417710793805591
vn -0.05566174116369774 -0.6683393122996927 -0.7417710793805591
usemtl none
f 4/4/1 7/3/1 5/2/1 2/1/1
f 3/8/2 4/7/2 2/6/2 1/5/2
f 8/12/3 3/11/3 1/10/3 6/9/3
f 7/16/4 8/15/4 6/14/4 5/13/4
f 6/20/5 1/19/5 2/18/5 5/17/5
f 7/24/6 4/23/6 3/22/6 8/21/6
o cube
v -0.0331162019252943 -0.06954615776127138 0.2880535998157664
v -0.13168872655252883 0.09664948270517804 0.14570730910694618
v -0.038125758630027096 -0.12969669586824367 0.22129420267151612
v -0.13669828325726163 0.036498944598205685 0.0789479119626959
v -0.14988995502401936 0.09121656557176439 0.15196819511054527
v -0.051317430396784824 -0.07497907489468497 0.2943144858193655
v -0.15489951172875216 0.031066027464792034 0.08520879796629499
v -0.05632698710151762 -0.13512961300165732 0.2275550886751152
vt 0 1
vt 0.0625 1
vt 0.0625 0.8125
vt 0 0.8125
vt 0 1
vt 0.75 1
vt 0.75 0.8125
vt 0 0.8125
vt 0 1
vt 0.0625 1
vt 0.0625 0.8125
vt 0 0.8125
vt 0 1
vt 0.75 1
vt 0.75 0.8125
vt 0 0.8125
vt 0 1
vt 0.0625 1
vt 0.0625 0.25
vt 0 0.25
vt 0 1
vt 0.0625 1
vt 0.0625 0.25
vt 0 0.25
vn -0.41071885261347724 0.6924818352768723 -0.593109544620084
vn 0.9100614235745269 0.271645856670682 -0.3130443001799538
vn 0.41071885261347724 -0.6924818352768723 0.593109544620084
vn -0.9100614235745269 -0.271645856670682 0.3130443001799538
vn 0.05566174116369774 0.6683393122996927 0.7417710793805591
vn -0.05566174116369774 -0.6683393122996927 -0.7417710793805591
usemtl none
f 12/28/7 15/27/7 13/26/7 10/25/7
f 11/32/8 12/31/8 10/30/8 9/29/8
f 16/36/9 11/35/9 9/34/9 14/33/9
f 15/40/10 16/39/10 14/38/10 13/37/10
f 14/44/11 9/43/11 10/42/11 13/41/11
f 15/48/12 12/47/12 11/46/12 16/45/12
o cube
v 0.07673916368613676 0.14256193446719057 0.08869975395975804
v 0.06852478663386719 0.15641157117272808 0.07683756306735634
v 0.07172960698140396 0.08241139636021821 0.021940356815507656
v 0.06351522992913439 0.09626103306575573 0.010078165923106064
v -0.14988995502401936 0.09121656557176439 0.15196819511054527
v -0.1416755779717498 0.07736692886622687 0.16383038600294697
v -0.15489951172875216 0.031066027464792034 0.08520879796629499
v -0.1466851346764826 0.01721639075925463 0.09707098885869658
vt 0 1
vt 0.75 1
vt 0.75 0.8125
vt 0 0.8125
vt 0 1
vt 0.0625 1
vt 0.0625 0.8125
vt 0 0.8125
vt 0 1
vt 0.75 1
vt 0.75 0.8125
vt 0 0.8125
vt 0 1
vt 0.0625 1
vt 0.0625 0.8125
vt 0 0.8125
vt 0 0.25
vt 0 1
vt 0.0625 1
vt 0.0625 0.25
vt 0.0625 1
vt 0.0625 0.25
vt 0 0.25
vt 0 1
vn -0.41071885261347724 0.6924818352768723 -0.593109544620084
vn 0.9100614235745269 0.271645856670682 -0.3130443001799538
vn 0.41071885261347724 -0.6924818352768723 0.593109544620084
vn -0.9100614235745269 -0.271645856670682 0.3130443001799538
vn 0.05566174116369774 0.6683393122996927 0.7417710793805591
vn -0.05566174116369774 -0.6683393122996927 -0.7417710793805591
usemtl none
f 20/52/13 23/51/13 21/50/13 18/49/13
f 19/56/14 20/55/14 18/54/14 17/53/14
f 24/60/15 19/59/15 17/58/15 22/57/15
f 23/64/16 24/63/16 22/62/16 21/61/16
f 22/68/17 17/67/17 18/66/17 21/65/17
f 23/72/18 20/71/18 19/70/18 24/69/18
o cube
v 0.1670973112611016 -0.009784069293721331 0.21918385377617655
v 0.15888293420883204 0.004065567411816073 0.20732166288377485
v 0.1620877545563688 -0.06993460740069368 0.15242445663192616
v 0.15387337750409924 -0.05608497069515622 0.14056226573952446
v -0.05953180744905434 -0.06112943818914757 0.2824522949269638
v -0.051317430396784824 -0.07497907489468497 0.2943144858193655
v -0.06454136415378714 -0.12127997629611992 0.2156928977827135
v -0.05632698710151762 -0.13512961300165732 0.2275550886751152
vt 0 1
vt 0.75 1
vt 0.75 0.8125
vt 0 0.8125
vt 0 1
vt 0.0625 1
vt 0.0625 0.8125
vt 0 0.8125
vt 0 1
vt 0.75 1
vt 0.75 0.8125
vt 0 0.8125
vt 0 1
vt 0.0625 1
vt 0.0625 0.8125
vt 0 0.8125
vt 0 0.25
vt 0 1
vt 0.0625 1
vt 0.0625 0.25
vt 0.0625 1
vt 0.0625 0.25
vt 0 0.25
vt 0 1
vn -0.41071885261347724 0.6924818352768723 -0.593109544620084
vn 0.9100614235745269 0.271645856670682 -0.3130443001799538
vn 0.41071885261347724 -0.6924818352768723 0.593109544620084
vn -0.9100614235745269 -0.271645856670682 0.3130443001799538
vn 0.05566174116369774 0.6683393122996927 0.7417710793805591
vn -0.05566174116369774 -0.6683393122996927 -0.7417710793805591
usemtl none
f 28/76/19 31/75/19 29/74/19 26/73/19
f 27/80/20 28/79/20 26/78/20 25/77/20
f 32/84/21 27/83/21 25/82/21 30/81/21
f 31/88/22 32/87/22 30/86/22 29/85/22
f 30/92/23 25/91/23 26/90/23 29/89/23
f 31/96/24 28/95/24 27/94/24 32/93/24